Z=     0.0000
M              11.0         13.0         15.0         18.0         20.0         25.          30.          40.
E                1.           1.           1.           1.           1.         10.          20.          30.
Mrem          1.500        1.570        1.480        1.650        1.660        2.80         3.27         5.53
H   1   0.58042E+01  0.65948E+01  0.75791E+01  0.84311E+01  0.87742E+01 0.10639E+02  0.11693E+02  0.14028E+02
H   2   0.18923E-15  0.14917E-15  0.16930E-15  0.12831E-15  0.86589E-16 0.20572E-15  0.10883E-13  0.16571E-13
He  3   0.39043E-04  0.41189E-04  0.40865E-04  0.33301E-04  0.47561E-04 0.21065E-03  0.20619E-03  0.25648E-04
He  4   0.34276E+01  0.40136E+01  0.44008E+01  0.54219E+01  0.59363E+01 0.80250E+01  0.95380E+01  0.11809E+02
Li  6   0.23047E-18  0.36536E-22  0.11110E-21  0.43739E-22  0.36517E-20 0.32211E-19  0.35036E-16  0.53918E-16
Li  7   0.59255E-09  0.21747E-09  0.29423E-09  0.73410E-10  0.27861E-09 0.56776E-08  0.23600E-07  0.34212E-10
Be  9   0.33171E-22  0.17735E-19  0.32153E-21  0.10538E-21  0.44857E-22 0.36921E-16  0.30864E-17  0.90279E-17
B  10   0.14412E-17  0.29222E-20  0.83016E-19  0.39242E-20  0.15684E-18 0.74545E-13  0.10524E-13  0.94102E-14
B  11   0.27952E-14  0.29406E-15  0.32969E-15  0.71387E-15  0.65449E-16 0.12776E-11  0.95272E-13  0.94095E-12
C  12   0.55262E-01  0.74066E-01  0.17161E+00  0.21849E+00  0.21055E+00 0.26659E+00  0.31640E+00  0.37206E+00
C  13   0.28662E-06  0.83905E-07  0.62053E-07  0.26273E-08  0.11376E-07 0.69437E-07  0.63191E-07  0.81849E-07
N  14   0.18322E-02  0.18322E-02  0.18580E-02  0.18913E-03  0.54226E-04 0.59589E-03  0.41787E-04  0.33878E-05
N  15   0.28580E-03  0.63845E-07  0.68632E-07  0.23976E-07  0.11323E-07 0.17490E-06  0.21999E-06  0.65437E-06
O  16   0.11344E+00  0.44963E+00  0.77272E+00  0.13788E+01  0.21053E+01 0.23763E+01  0.39195E+01  0.63162E+01
O  17   0.16812E-05  0.16944E-05  0.15681E-05  0.27915E-06  0.68299E-07 0.14899E-05  0.38054E-07  0.12330E-07
O  18   0.66569E-06  0.57921E-07  0.48937E-05  0.46303E-05  0.25246E-07 0.38718E-06  0.50334E-06  0.29299E-06
F  19   0.16106E-07  0.11701E-09  0.19716E-08  0.79096E-08  0.16245E-08 0.16727E-08  0.78833E-08  0.11650E-06
Ne 20   0.21786E-01  0.15286E-01  0.32650E+00  0.49379E+00  0.91209E+00 0.28505E+00  0.51988E+00  0.26384E+00
Ne 21   0.49406E-06  0.54217E-06  0.37616E-04  0.91178E-04  0.42995E-04 0.12204E-04  0.35102E-04  0.14059E-04
Ne 22   0.29077E-06  0.19846E-06  0.16064E-04  0.25736E-04  0.69231E-04 0.86173E-05  0.35225E-04  0.16582E-04
Na 23   0.13683E-04  0.14409E-03  0.24470E-02  0.20781E-02  0.29023E-02 0.44177E-03  0.73581E-03  0.32755E-03
Mg 24   0.28127E-01  0.86196E-01  0.68211E-01  0.15690E+00  0.15026E+00 0.15285E+00  0.21711E+00  0.33705E+00
Mg 25   0.45274E-04  0.15594E-03  0.29789E-03  0.58257E-03  0.11642E-03 0.45703E-04  0.14544E-03  0.59529E-03
Mg 26   0.35436E-04  0.71701E-04  0.39931E-03  0.87675E-03  0.23840E-03 0.40158E-04  0.82902E-04  0.10707E-03
Al 27   0.72545E-03  0.37764E-02  0.13693E-02  0.31421E-02  0.13667E-02 0.89277E-03  0.15494E-02  0.75238E-02
Si 28   0.20425E-01  0.80380E-01  0.73241E-01  0.11620E+00  0.99380E-01 0.23053E+00  0.24658E+00  0.71955E+00
Si 29   0.12091E-03  0.74984E-03  0.23857E-03  0.44213E-03  0.18153E-03 0.53783E-03  0.88496E-03  0.37249E-02
Si 30   0.17249E-03  0.14221E-02  0.14923E-03  0.34464E-03  0.10965E-03 0.63469E-04  0.14727E-03  0.28228E-02
P  31   0.48940E-04  0.48814E-03  0.56284E-04  0.13168E-03  0.80055E-04 0.59087E-04  0.11554E-03  0.10101E-02
S  32   0.78920E-02  0.23668E-01  0.32037E-01  0.40654E-01  0.53124E-01 0.91604E-01  0.84901E-01  0.25922E+00
S  33   0.15277E-04  0.89761E-04  0.75476E-04  0.10303E-03  0.19764E-03 0.23087E-03  0.30234E-03  0.84489E-03
S  34   0.40000E-04  0.27936E-03  0.20151E-03  0.28451E-03  0.48955E-03 0.12562E-03  0.27015E-03  0.20849E-02
S  36   0.15408E-08  0.14789E-07  0.14324E-08  0.53435E-08  0.25605E-08 0.57828E-10  0.14058E-08  0.50386E-07
Cl 35   0.35995E-05  0.54833E-04  0.14645E-04  0.26438E-04  0.68760E-04 0.32312E-04  0.44781E-04  0.17974E-03
Cl 37   0.10321E-05  0.30427E-05  0.58256E-05  0.91176E-05  0.38625E-04 0.28915E-04  0.23901E-04  0.79550E-04
Ar 36   0.14735E-02  0.32430E-02  0.52821E-02  0.56692E-02  0.96689E-02 0.13600E-01  0.11474E-01  0.35525E-01
Ar 38   0.60462E-05  0.52278E-04  0.62310E-04  0.17001E-03  0.38567E-03 0.17030E-03  0.90652E-04  0.78327E-03
Ar 40   0.70480E-11  0.80111E-10  0.17766E-10  0.39586E-10  0.10569E-09 0.11624E-10  0.18661E-10  0.26781E-09
K  39   0.18691E-05  0.50215E-05  0.78636E-05  0.19288E-04  0.44045E-04 0.37608E-04  0.20542E-04  0.13086E-03
K  40   0.10196E-09  0.11388E-08  0.90974E-09  0.19639E-08  0.12968E-07 0.14024E-08  0.25192E-08  0.11842E-07
K  41   0.23243E-06  0.35421E-06  0.80509E-06  0.17234E-05  0.94660E-05 0.64807E-05  0.36619E-05  0.21336E-04
Ca 40   0.13925E-02  0.29180E-02  0.44089E-02  0.43960E-02  0.62173E-02 0.10207E-01  0.82241E-02  0.28581E-01
Ca 42   0.14925E-06  0.97653E-06  0.12283E-05  0.36241E-05  0.12832E-04 0.51470E-05  0.16172E-05  0.19680E-04
Ca 43   0.13686E-07  0.64614E-07  0.49295E-07  0.33865E-07  0.74294E-07 0.72521E-07  0.17061E-06  0.13949E-06
Ca 44   0.17120E-05  0.16814E-04  0.22050E-04  0.14464E-04  0.14530E-04 0.70409E-04  0.18172E-03  0.17526E-03
Ca 46   0.28515E-12  0.10687E-11  0.17607E-11  0.92707E-11  0.13007E-09 0.14683E-10  0.92456E-11  0.36940E-10
Ca 48   0.82224E-15  0.15458E-16  0.42126E-13  0.41232E-15  0.43964E-15 0.11678E-10  0.81634E-12  0.12707E-10
Sc 45   0.18361E-07  0.21194E-07  0.40312E-07  0.55388E-07  0.25532E-06 0.22008E-06  0.69513E-07  0.62758E-06
Ti 46   0.86724E-07  0.62779E-05  0.27130E-05  0.40624E-05  0.59834E-05 0.52195E-05  0.62316E-05  0.11138E-04
Ti 47   0.37295E-07  0.87624E-05  0.38635E-05  0.53007E-05  0.42557E-05 0.94507E-05  0.20780E-04  0.25912E-04
Ti 48   0.19996E-04  0.63384E-04  0.83868E-04  0.76528E-04  0.88559E-04 0.13548E-03  0.28124E-03  0.34276E-03
Ti 49   0.10334E-05  0.22700E-05  0.33185E-05  0.29975E-05  0.39355E-05 0.36152E-05  0.57009E-05  0.69222E-05
Ti 50   0.24584E-12  0.11807E-11  0.95517E-12  0.17164E-11  0.18314E-11 0.61209E-11  0.24886E-11  0.33686E-10
V  50   0.10046E-11  0.13545E-10  0.10472E-10  0.46045E-10  0.13586E-09 0.27874E-10  0.90272E-11  0.12006E-09
V  51   0.10141E-05  0.16543E-04  0.10812E-04  0.12356E-04  0.11027E-04 0.18586E-04  0.37140E-04  0.34789E-04
Cr 50   0.28359E-05  0.10364E-04  0.15514E-04  0.26418E-04  0.22210E-04 0.25615E-04  0.18979E-04  0.41248E-04
Cr 52   0.31987E-03  0.87976E-03  0.10851E-02  0.11282E-02  0.13628E-02 0.12099E-02  0.15130E-02  0.27019E-02
Cr 53   0.22529E-04  0.49562E-04  0.67577E-04  0.64261E-04  0.82788E-04 0.72361E-04  0.90287E-04  0.13118E-03
Cr 54   0.13807E-09  0.23450E-09  0.41327E-09  0.32483E-08  0.31781E-08 0.57159E-08  0.96389E-10  0.35178E-08
Mn 55   0.54642E-04  0.13285E-03  0.18547E-03  0.17391E-03  0.22569E-03 0.20158E-03  0.24672E-03  0.36821E-03
Fe 54   0.28440E-03  0.72920E-03  0.12358E-02  0.14003E-02  0.14165E-02 0.17948E-02  0.17379E-02  0.32987E-02
Fe 56   0.10001E-01  0.70001E-01  0.70002E-01  0.70009E-01  0.70008E-01 0.96028E-01  0.15921E+00  0.25564E+00
Fe 57   0.17821E-03  0.99652E-03  0.11354E-02  0.87784E-03  0.86735E-03 0.16271E-02  0.31038E-02  0.42433E-02
Fe 58   0.81525E-10  0.56742E-10  0.17611E-09  0.80675E-09  0.10493E-08 0.25998E-08  0.91870E-10  0.33101E-08
Co 59   0.21381E-05  0.17563E-03  0.13195E-03  0.16102E-03  0.14955E-03 0.23813E-03  0.51888E-03  0.51942E-03
Ni 58   0.10067E-03  0.38544E-03  0.41368E-03  0.38317E-03  0.37786E-03 0.67230E-03  0.12742E-02  0.14314E-02
Ni 60   0.91215E-04  0.21245E-02  0.16157E-02  0.15705E-02  0.13352E-02 0.28024E-02  0.54859E-02  0.83727E-02
Ni 61   0.35132E-05  0.36114E-04  0.31375E-04  0.21185E-04  0.18506E-04 0.43397E-04  0.86256E-04  0.98745E-04
Ni 62   0.14378E-04  0.19391E-04  0.15115E-04  0.13461E-04  0.11862E-04 0.28594E-04  0.57385E-04  0.67369E-04
Ni 64   0.15155E-13  0.38280E-14  0.99737E-13  0.10859E-13  0.61025E-13 0.15608E-10  0.33827E-11  0.24610E-10
Cu 63   0.13315E-07  0.48886E-05  0.35425E-05  0.39159E-05  0.34381E-05 0.81880E-05  0.17148E-04  0.20621E-04
Cu 65   0.15242E-07  0.21381E-06  0.24191E-06  0.16263E-06  0.14160E-06 0.60046E-06  0.13849E-05  0.18588E-05
Zn 64   0.51243E-06  0.12500E-03  0.12161E-03  0.95027E-04  0.82929E-04 0.26368E-03  0.58275E-03  0.68827E-03
Zn 66   0.21114E-06  0.68444E-06  0.10684E-05  0.50465E-06  0.42431E-06 0.25881E-05  0.70476E-05  0.69017E-05
Zn 67   0.15173E-09  0.16221E-07  0.23343E-07  0.12967E-07  0.10494E-07 0.60711E-07  0.19080E-06  0.11805E-06
Zn 68   0.32868E-10  0.29415E-07  0.32449E-07  0.40171E-07  0.34282E-07 0.12078E-06  0.26941E-06  0.48645E-06
Zn 70   0.16631E-13  0.69427E-15  0.35869E-13  0.65876E-14  0.25128E-13 0.19517E-11  0.84887E-12  0.19499E-10
Ga 69   0.29931E-10  0.78127E-08  0.56187E-08  0.61007E-08  0.49269E-08 0.21062E-07  0.40768E-07  0.89538E-07
Ga 71   0.16592E-13  0.85252E-14  0.11228E-12  0.18366E-13  0.92109E-13 0.21666E-10  0.37861E-11  0.15672E-09
Ge 70   0.42947E-09  0.89918E-08  0.65694E-08  0.48021E-08  0.39314E-08 0.14350E-07  0.29530E-07  0.37488E-07
Ge 72   0.15686E-13  0.17256E-13  0.80240E-12  0.57395E-12  0.33327E-12 0.16894E-10  0.74315E-11  0.71139E-10
Ge 73   0.30595E-13  0.15550E-13  0.11890E-12  0.10886E-12  0.16644E-12 0.26408E-10  0.65856E-11  0.91506E-10
Ge 74   0.63389E-14  0.41300E-14  0.11946E-12  0.48710E-13  0.10024E-12 0.13234E-10  0.24668E-11  0.42785E-10