Z=     0.0000
M            140.0        150.0        170.0        200.0        270.0        300.0
E               9.          16.          28.          44.          49.          50.
Mrem         0.000        0.000        0.000        0.000        0.000        0.000
H   1  0.33277E+02  0.35654E+02  0.40810E+02  0.37250E+02  0.65820E+02  0.75850E+02
H   2  0.26613E-15  0.28514E-15  0.36670E-04  0.20380E-15  0.18380E-12  0.24826E-12
He  3  0.25439E-04  0.27256E-04  0.11220E-03  0.31830E-04  0.39550E-04  0.42260E-04
He  4  0.38927E+02  0.41708E+02  0.47950E+02  0.49030E+02  0.79010E+02  0.89535E+02
Li  6  0.17782E-18  0.19052E-18  0.39280E-14  0.15830E-19  0.93280E-17  0.12597E-16
Li  7  0.27698E-09  0.29676E-09  0.57660E-08  0.57890E-09  0.55220E-08  0.72574E-08
Be  9  0.81777E-21  0.87618E-21  0.12910E-13  0.28380E-17  0.43960E-20  0.00000E+00
B  10  0.11761E-13  0.12601E-13  0.66400E-21  0.20270E-13  0.36220E-15  0.00000E+00
B  11  0.63522E-13  0.68059E-13  0.82120E-08  0.14410E-11  0.74610E-08  0.10080E-07
C  12  0.59033E+01  0.63250E+01  0.22970E+01  0.42410E+01  0.18860E+01  0.10592E+01
C  13  0.30411E-06  0.32583E-06  0.38490E-06  0.34910E-06  0.47240E-03  0.63813E-03
N  14  0.13294E-01  0.14244E-01  0.10390E-01  0.58390E-03  0.12630E-01  0.16859E-01
N  15  0.57687E-06  0.61808E-06  0.48130E-05  0.11140E-05  0.18440E-01  0.24914E-01
O  16  0.49523E+02  0.53060E+02  0.44230E+02  0.55950E+02  0.44310E+02  0.40223E+02
O  17  0.36562E-04  0.39174E-04  0.45460E-04  0.77570E-06  0.15030E-01  0.20306E-01
O  18  0.23576E-06  0.25260E-06  0.99850E-02  0.10540E-04  0.40100E-03  0.53808E-03
F  19  0.97515E-08  0.10448E-07  0.64890E-06  0.94770E-07  0.20380E-05  0.27202E-05
Ne 20  0.31580E+01  0.33836E+01  0.11900E+01  0.37480E+01  0.46970E+01  0.50302E+01
Ne 21  0.82179E-03  0.88049E-03  0.16320E-03  0.20010E-03  0.93800E-03  0.11971E-02
Ne 22  0.82971E-03  0.88897E-03  0.10210E-02  0.22510E-03  0.76230E-03  0.95090E-03
Na 23  0.87489E-02  0.93738E-02  0.57620E-02  0.69990E-02  0.71590E-02  0.72152E-02
Mg 24  0.25751E+01  0.27590E+01  0.19430E+01  0.30750E+01  0.47780E+01  0.53759E+01
Mg 25  0.39856E-02  0.42703E-02  0.12640E-02  0.12680E-02  0.18210E-01  0.24158E-01
Mg 26  0.21622E-02  0.23166E-02  0.37488E-03  0.40675E-03  0.55330E-02  0.73327E-02
Al 27  0.26196E-01  0.28067E-01  0.20380E-01  0.15570E-01  0.86210E-01  0.11101E+00
Si 28  0.44476E+01  0.47653E+01  0.16160E+02  0.21220E+02  0.26950E+02  0.28962E+02
Si 29  0.20750E-01  0.22232E-01  0.21920E-01  0.14120E-01  0.58760E-01  0.74432E-01
Si 30  0.31007E-02  0.33222E-02  0.20430E-03  0.96650E-03  0.43310E-01  0.58176E-01
P  31  0.21144E-02  0.22654E-02  0.40270E-03  0.74930E-03  0.31010E-01  0.41634E-01
S  32  0.16848E+01  0.18051E+01  0.86630E+01  0.13100E+02  0.15780E+02  0.16721E+02
S  33  0.59455E-02  0.63702E-02  0.12210E-01  0.60680E-02  0.33820E-01  0.43563E-01
S  34  0.54061E-02  0.57922E-02  0.70650E-03  0.10850E-03  0.27190E-01  0.36698E-01
S  36  0.46753E-07  0.50093E-07  0.67760E-09  0.48210E-09  0.79810E-06  0.10781E-05
Cl 35  0.58144E-03  0.62297E-03  0.30450E-03  0.12660E-03  0.18740E-01  0.25275E-01
Cl 37  0.55284E-03  0.59233E-03  0.16080E-02  0.81060E-03  0.24640E-01  0.33006E-01
Ar 36  0.21941E+00  0.23508E+00  0.14190E+01  0.23610E+01  0.26020E+01  0.26866E+01
Ar 38  0.32526E-02  0.34849E-02  0.83380E-03  0.19490E-04  0.39020E-01  0.52712E-01
Ar 40  0.19268E-09  0.20644E-09  0.10360E-10  0.42870E-11  0.35270E-08  0.47638E-08
K  39  0.74599E-03  0.79928E-03  0.50290E-03  0.45900E-04  0.31960E-02  0.43019E-02
K  40  0.31190E-07  0.33418E-07  0.19320E-07  0.16180E-08  0.12290E-07  0.16037E-07
K  41  0.12618E-03  0.13519E-03  0.40320E-03  0.19470E-03  0.11260E-02  0.14530E-02
Ca 40  0.17570E+00  0.18825E+00  0.13190E+01  0.23160E+01  0.27520E+01  0.29051E+01
Ca 42  0.80056E-04  0.85774E-04  0.24520E-04  0.72540E-06  0.10850E-02  0.14657E-02
Ca 43  0.66297E-07  0.71033E-07  0.11360E-07  0.20250E-06  0.15440E-02  0.20860E-02
Ca 44  0.26454E-04  0.28344E-04  0.20370E-03  0.47170E-03  0.90110E-02  0.12009E-01
Ca 46  0.20184E-10  0.21626E-10  0.14130E-11  0.42280E-11  0.47660E-07  0.64391E-07
Ca 48  0.41074E-11  0.44008E-11  0.15390E-15  0.27510E-11  0.13070E-13  0.00000E+00
Sc 45  0.25639E-05  0.27470E-05  0.74920E-05  0.81010E-05  0.65970E-03  0.88846E-03
Ti 46  0.31591E-04  0.33847E-04  0.13500E-04  0.92820E-06  0.77560E-03  0.10476E-02
Ti 47  0.16334E-06  0.17501E-06  0.30350E-06  0.34900E-05  0.75760E-03  0.10224E-02
Ti 48  0.33087E-04  0.35450E-04  0.62510E-02  0.11480E-01  0.13160E-01  0.13750E-01
Ti 49  0.39715E-05  0.42552E-05  0.18900E-03  0.33540E-03  0.62970E-03  0.73302E-03
Ti 50  0.41870E-11  0.44861E-11  0.44790E-13  0.27690E-11  0.15930E-10  0.20551E-10
V  50  0.95835E-10  0.10268E-09  0.30710E-10  0.82210E-11  0.52820E-09  0.71075E-09
V  51  0.56375E-05  0.60402E-05  0.19920E-03  0.13080E-03  0.12530E-02  0.16470E-02
Cr 50  0.10573E-03  0.11328E-03  0.48180E-03  0.12320E-03  0.66410E-02  0.89293E-02
Cr 52  0.23875E-03  0.25580E-03  0.13350E+00  0.17950E+00  0.25610E+00  0.28299E+00
Cr 53  0.28133E-04  0.30142E-04  0.55600E-02  0.68820E-02  0.29020E-01  0.36792E-01
Cr 54  0.37481E-08  0.40158E-08  0.69500E-08  0.58980E-10  0.40160E-05  0.54259E-05
Mn 55  0.25565E-03  0.27391E-03  0.17950E-01  0.89770E-02  0.26130E+00  0.34989E+00
Fe 54  0.36497E-02  0.39104E-02  0.10890E+00  0.23320E-01  0.56760E+01  0.76605E+01
Fe 56  0.49312E-02  0.52834E-02  0.36300E+01  0.72490E+01  0.10460E+02  0.11587E+02
Fe 57  0.65642E-04  0.70331E-04  0.17680E-01  0.88560E-01  0.29780E+00  0.37126E+00
Fe 58  0.50047E-08  0.53622E-08  0.11370E-07  0.85540E-09  0.34470E-04  0.46571E-04
Co 59  0.21739E-05  0.23292E-05  0.14220E-04  0.24650E-02  0.17780E-01  0.23157E-01
Ni 58  0.40565E-03  0.43462E-03  0.11800E-01  0.63940E-01  0.37850E+01  0.50914E+01
Ni 60  0.38540E-05  0.41293E-05  0.14750E-04  0.22700E-01  0.15930E+00  0.20726E+00
Ni 61  0.88629E-09  0.94960E-09  0.29150E-08  0.82630E-03  0.28260E-04  0.00000E+00
Ni 62  0.14590E-09  0.15632E-09  0.96180E-09  0.42450E-02  0.17080E-04  0.00000E+00
Ni 64  0.18361E-10  0.19673E-10  0.59680E-14  0.13580E-10  0.12030E-10  0.11486E-10
Cu 63  0.67865E-10  0.72713E-10  0.28620E-10  0.21610E-04  0.80940E-06  0.00000E+00
Cu 65  0.81399E-10  0.87213E-10  0.33170E-12  0.18720E-05  0.84360E-08  0.00000E+00
Zn 64  0.12182E-09  0.13052E-09  0.11170E-09  0.14190E-03  0.58970E-05  0.00000E+00
Zn 66  0.16849E-09  0.18052E-09  0.18850E-10  0.41070E-04  0.22570E-07  0.00000E+00
Zn 67  0.77256E-10  0.82774E-10  0.17420E-12  0.45170E-07  0.61450E-08  0.00000E+00
Zn 68  0.14477E-09  0.15511E-09  0.34590E-11  0.90720E-08  0.62170E-08  0.52147E-08
Zn 70  0.22407E-10  0.24008E-10  0.22820E-14  0.13980E-10  0.16920E-11  0.00000E+00
Ga 69  0.77833E-10  0.83393E-10  0.90340E-13  0.30480E-08  0.37840E-09  0.00000E+00
Ga 71  0.32049E-10  0.34338E-10  0.79080E-14  0.28640E-10  0.21830E-10  0.19439E-10
Ge 70  0.14214E-09  0.15229E-09  0.35780E-10  0.53770E-07  0.11740E-07  0.00000E+00
Ge 72  0.57311E-10  0.61405E-10  0.15140E-11  0.31970E-10  0.12220E-10  0.52862E-11
Ge 73  0.31969E-10  0.34253E-10  0.95340E-13  0.27670E-10  0.40860E-10  0.45491E-10
Ge 74  0.20096E-10  0.21531E-10  0.10420E-13  0.13630E-10  0.26410E-11  0.00000E+00